12 solutions:

0: 0 3 8 2 
1: 1 6 5 4 
2: 2 0 4 8 
3: 3 7 1 7 
4: 4 2 6 5 
5: 5 8 3 6 
6: 6 1 7 1 
7: 7 5 0 3 
8: 8 4 2 0 

0: 0 3 8 2 
1: 1 6 5 4 
2: 2 0 4 3 
3: 3 7 1 7 
4: 4 2 6 5 
5: 5 8 3 6 
6: 6 1 7 1 
7: 7 5 0 8 
8: 8 4 2 0 

0: 0 3 8 2 
1: 1 6 5 4 
2: 2 0 6 8 
3: 3 7 1 7 
4: 4 2 7 5 
5: 5 8 3 6 
6: 6 1 4 1 
7: 7 5 0 3 
8: 8 4 2 0 

0: 0 3 8 2 
1: 1 6 5 4 
2: 2 0 6 3 
3: 3 7 1 7 
4: 4 2 7 5 
5: 5 8 3 6 
6: 6 1 4 1 
7: 7 5 0 8 
8: 8 4 2 0 

0: 0 3 8 2 
1: 1 6 5 4 
2: 2 0 7 8 
3: 3 7 1 7 
4: 4 2 4 5 
5: 5 8 3 6 
6: 6 1 6 1 
7: 7 5 0 3 
8: 8 4 2 0 

0: 0 3 8 2 
1: 1 6 5 4 
2: 2 0 7 3 
3: 3 7 1 7 
4: 4 2 4 5 
5: 5 8 3 6 
6: 6 1 6 1 
7: 7 5 0 8 
8: 8 4 2 0 

0: 0 3 4 2 
1: 1 6 5 4 
2: 2 0 8 8 
3: 3 7 1 7 
4: 4 2 6 5 
5: 5 8 3 6 
6: 6 1 7 1 
7: 7 5 0 3 
8: 8 4 2 0 

0: 0 3 4 2 
1: 1 6 5 4 
2: 2 0 8 3 
3: 3 7 1 7 
4: 4 2 6 5 
5: 5 8 3 6 
6: 6 1 7 1 
7: 7 5 0 8 
8: 8 4 2 0 

0: 0 3 4 2 
1: 1 6 5 4 
2: 2 0 6 8 
3: 3 7 1 7 
4: 4 2 7 5 
5: 5 8 3 6 
6: 6 1 8 1 
7: 7 5 0 3 
8: 8 4 2 0 

0: 0 3 4 2 
1: 1 6 5 4 
2: 2 0 6 3 
3: 3 